1999, , , , ,Learning rate = 0.001000 - lr decay = 1.000000 - Epsilon = 1.000000 - eps decay = 0.900000 - Buffer size = 100000 - Batch size = 128 - hidden layers: 64 64 - target update cycle: 100
-337.000000,      2.010908
-347.000000,      20.080677
-335.000000,      7.019680
-330.000000,      2.100448
-335.000000,      48.688038
-342.000000,      3.853400
-331.000000,      3.432539
-324.000000,      3.810763
-337.000000,      4.178198
-335.000000,      47.058792
-339.000000,      1.701934
-332.000000,      79.493958
-325.000000,      9.112009
-333.000000,      69.479034
-339.000000,      6.471013
-330.000000,      0.427680
-335.000000,      0.261396
-330.000000,      0.517962
-331.000000,      0.713713
-343.000000,      3.721290
-343.000000,      4.470306
-349.000000,      0.259412
-333.000000,      0.533162
-336.000000,      1.113694
-329.000000,      1.609166
-342.000000,      1.046450
-323.000000,      5.054996
-344.000000,      12.163424
-332.000000,      6.229403
-333.000000,      30.862095
-330.000000,      0.496458
-334.000000,      0.566337
-326.000000,      5.629374
-338.000000,      7.916120
-325.000000,      1.727202
-338.000000,      1.467768
-335.000000,      8.941875
-339.000000,      8.340852
-336.000000,      2.420310
-324.000000,      0.380553
-332.000000,      0.530770
-341.000000,      1.514485
-325.000000,      0.802263
-333.000000,      0.595740
-333.000000,      14.781108
-335.000000,      7.382432
-342.000000,      59.082565
-338.000000,      3.411743
-335.000000,      0.331790
-340.000000,      30.273441
-327.000000,      74.558998
-330.000000,      20.130322
-334.000000,      10.215998
-340.000000,      0.999216
-339.000000,      0.693605
-329.000000,      1.644226
-335.000000,      3.544369
-345.000000,      0.334939
-332.000000,      5.095674
-338.000000,      34.196598
-329.000000,      0.250806
-324.000000,      0.479764
-333.000000,      0.573089
-338.000000,      0.445707
-337.000000,      0.252620
-318.000000,      12.351319
-343.000000,      1.019818
-324.000000,      2.632147
-342.000000,      0.863191
-320.000000,      1.258489
-337.000000,      1.072164
-329.000000,      0.312786
-329.000000,      0.716658
-334.000000,      0.309882
-336.000000,      0.255828
-336.000000,      0.403134
-326.000000,      0.287938
-323.000000,      6.947139
-331.000000,      24.537468
-325.000000,      5.387928
-326.000000,      0.425212
-320.000000,      40.817287
-332.000000,      2.479977
-325.000000,      1.506036
-331.000000,      29.193729
-331.000000,      0.241118
-331.000000,      0.855390
-333.000000,      49.730515
-333.000000,      0.311308
-327.000000,      0.472883
-329.000000,      3.895485
-326.000000,      1.619126
-336.000000,      0.333508
-325.000000,      0.987538
-329.000000,      0.251277
-338.000000,      0.320470
-325.000000,      29.495842
-335.000000,      0.227899
-325.000000,      0.613284
-325.000000,      1.364413
-332.000000,      0.215506
-335.000000,      0.201752
-330.000000,      0.212238
-335.000000,      0.221094
-327.000000,      0.179730
-329.000000,      0.240665
-328.000000,      0.216483
-326.000000,      0.230994
-326.000000,      0.212752
-339.000000,      0.231939
-331.000000,      0.225402
-328.000000,      0.231649
-329.000000,      0.231047
-332.000000,      0.227328
-339.000000,      0.238720
-331.000000,      0.215948
-338.000000,      0.228690
-331.000000,      0.230934
-329.000000,      0.235578
-334.000000,      0.197936
-331.000000,      0.256521
-329.000000,      0.209366
-330.000000,      0.227109
-333.000000,      0.221200
-342.000000,      0.215560
-337.000000,      0.221345
-325.000000,      0.226974
-333.000000,      0.237118
-332.000000,      0.218761
-337.000000,      0.240675
-336.000000,      0.229277
-334.000000,      0.209417
-341.000000,      0.219455
-331.000000,      0.216557
-338.000000,      0.230564
-332.000000,      0.217485
-344.000000,      0.230401
-339.000000,      0.242269
-336.000000,      0.227415
-325.000000,      0.209394
-330.000000,      0.234092
-333.000000,      0.242041
-326.000000,      0.197195
-329.000000,      0.217855
-329.000000,      0.222610
-322.000000,      0.235268
-334.000000,      0.244139
-326.000000,      0.233270
-322.000000,      0.222635
-333.000000,      0.207615
-327.000000,      0.233484
-332.000000,      0.222602
-323.000000,      0.240944
-330.000000,      0.225021
-332.000000,      0.227805
-341.000000,      0.189210
-313.000000,      0.262475
-328.000000,      0.224966
-319.000000,      0.222810
-340.000000,      0.236207
-341.000000,      0.216825
-330.000000,      0.238591
-340.000000,      0.238494
-329.000000,      0.239543
-321.000000,      0.231481
-318.000000,      0.238338
-326.000000,      0.215394
-322.000000,      0.226546
-331.000000,      0.242456
-332.000000,      0.234728
-334.000000,      0.244771
-323.000000,      0.219366
-329.000000,      0.214925
-328.000000,      0.219048
-345.000000,      0.203504
-335.000000,      0.219999
-337.000000,      0.236761
-336.000000,      0.241324
-329.000000,      0.236655
-345.000000,      0.214762
-330.000000,      0.251483
-332.000000,      0.228956
-336.000000,      0.231093
-331.000000,      0.255300
-337.000000,      0.226661
-332.000000,      0.215255
-334.000000,      0.212014
-322.000000,      0.220796
-321.000000,      0.210971
-335.000000,      0.237963
-319.000000,      0.213744
-341.000000,      0.223551
-324.000000,      0.222939
-338.000000,      0.203495
-327.000000,      0.220761
-335.000000,      0.241344
-345.000000,      0.205482
-328.000000,      0.215819
-332.000000,      0.244459
-342.000000,      0.235407
-325.000000,      0.202764
-321.000000,      0.183527
-317.000000,      0.235847
-330.000000,      0.237723
-324.000000,      0.254802
-342.000000,      0.234930
-321.000000,      0.231071
-334.000000,      0.221833
-324.000000,      0.215515
-333.000000,      0.226663
-331.000000,      0.221937
-325.000000,      0.220803
-333.000000,      0.241172
-326.000000,      0.228577
-334.000000,      0.214501
-330.000000,      0.212051
-337.000000,      0.238152
-330.000000,      0.211760
-326.000000,      0.206921
-327.000000,      0.227342
-339.000000,      0.229989
-324.000000,      0.223373
-334.000000,      0.227421
-324.000000,      0.212485
-336.000000,      0.241888
-333.000000,      0.238095
-336.000000,      0.223073
-338.000000,      0.215610
-338.000000,      0.241336
-333.000000,      0.241507
-332.000000,      0.232799
-322.000000,      0.224271
-314.000000,      0.197242
-315.000000,      0.213837
-328.000000,      0.196114
-333.000000,      0.213691
-335.000000,      0.214001
-340.000000,      0.225910
-335.000000,      0.218447
-336.000000,      0.227235
-327.000000,      0.230535
-332.000000,      0.223033
-328.000000,      0.217881
-324.000000,      0.227088
-319.000000,      0.227823
-323.000000,      0.192773
-326.000000,      0.231622
-319.000000,      0.234946
-332.000000,      0.226944
-323.000000,      0.226720
-322.000000,      0.226922
-328.000000,      0.215982
-333.000000,      0.220504
-326.000000,      0.235715
-331.000000,      0.247775
-335.000000,      0.258693
-338.000000,      0.210998
-319.000000,      0.234832
-321.000000,      0.228829
-323.000000,      0.241305
-320.000000,      0.193252
-336.000000,      0.228189
-353.000000,      0.224082
-334.000000,      0.221276
-333.000000,      0.242080
-335.000000,      0.241657
-333.000000,      0.219053
-330.000000,      0.220856
-329.000000,      0.228971
-323.000000,      0.207840
-333.000000,      0.246588
-330.000000,      0.233112
-330.000000,      0.228108
-329.000000,      0.217195
-324.000000,      0.235836
-314.000000,      0.237058
-329.000000,      0.202171
-319.000000,      0.207291
-334.000000,      0.193154
-339.000000,      0.218274
-319.000000,      0.232882
-341.000000,      0.216753
-325.000000,      0.220224
-328.000000,      0.202116
-330.000000,      0.212287
-329.000000,      0.229122
-325.000000,      0.241258
-330.000000,      0.229685
-312.000000,      0.218056
-328.000000,      0.216163
-333.000000,      0.213899
-333.000000,      0.218388
-326.000000,      0.223865
-333.000000,      0.264995
-335.000000,      0.229176
-326.000000,      0.217522
-315.000000,      0.247936
-329.000000,      0.236131
-332.000000,      0.226030
-328.000000,      0.228054
-316.000000,      0.228890
-326.000000,      0.221554
-319.000000,      0.228465
-328.000000,      0.208692
-322.000000,      0.198918
-325.000000,      0.244643
-318.000000,      0.210492
-327.000000,      0.217499
-321.000000,      0.205447
-333.000000,      0.248965
-317.000000,      0.225606
-324.000000,      0.220816
-311.000000,      0.223813
-328.000000,      0.242820
-322.000000,      0.239240
-323.000000,      0.262349
-319.000000,      0.228388
-338.000000,      0.216445
-326.000000,      0.216769
-319.000000,      0.228911
-330.000000,      0.223339
-320.000000,      0.240686
-323.000000,      0.251829
-320.000000,      0.219087
-331.000000,      0.245550
-314.000000,      0.221375
-325.000000,      0.222320
-316.000000,      0.212810
-320.000000,      0.244852
-332.000000,      0.239251
-318.000000,      0.231840
-326.000000,      0.224982
-315.000000,      0.210766
-324.000000,      0.224446
-327.000000,      0.224807
-325.000000,      0.210049
-309.000000,      0.232719
-331.000000,      0.230956
-326.000000,      0.230614
-307.000000,      0.225874
-323.000000,      0.243198
-326.000000,      0.224664
-309.000000,      0.250137
-321.000000,      0.228493
-325.000000,      0.219851
-317.000000,      0.226555
-322.000000,      0.232935
-326.000000,      0.218964
-326.000000,      0.211295
-317.000000,      0.229298
-326.000000,      0.217572
-317.000000,      0.217153
-318.000000,      0.259775
-323.000000,      0.237548
-312.000000,      0.214817
-318.000000,      0.219949
-314.000000,      0.221986
-338.000000,      0.238846
-344.000000,      0.226956
-315.000000,      0.231080
-331.000000,      0.195248
-320.000000,      0.225281
-312.000000,      0.188655
-326.000000,      0.221104
-328.000000,      0.202933
-311.000000,      0.228965
-306.000000,      0.226447
-318.000000,      0.239078
-328.000000,      0.234082
-328.000000,      0.224864
-318.000000,      0.222391
-313.000000,      0.213452
-323.000000,      0.222187
-327.000000,      0.227486
-314.000000,      0.251797
-336.000000,      0.256692
-327.000000,      0.229997
-332.000000,      0.218761
-325.000000,      0.205636
-319.000000,      0.224604
-327.000000,      0.229534
-317.000000,      0.222423
-315.000000,      0.228849
-311.000000,      0.246191
-321.000000,      0.224758
-320.000000,      0.239411
-323.000000,      0.249311
-329.000000,      0.213091
-325.000000,      0.207866
-316.000000,      0.231981
-323.000000,      0.207088
-323.000000,      0.230776
-310.000000,      0.237181
-310.000000,      0.233232
-321.000000,      0.231492
-325.000000,      0.247847
-326.000000,      0.240392
-343.000000,      0.233096
-321.000000,      0.215394
-326.000000,      0.229633
-304.000000,      0.210863
-322.000000,      0.227370
-310.000000,      0.245915
-318.000000,      0.265916
-326.000000,      0.198791
-314.000000,      0.236840
-315.000000,      0.199180
-318.000000,      0.227567
-317.000000,      0.203885
-311.000000,      0.169450
-314.000000,      0.207284
-312.000000,      0.226548
-322.000000,      0.259482
-319.000000,      0.249832
-315.000000,      0.212623
-322.000000,      0.215935
-312.000000,      0.230937
-299.000000,      0.225219
-305.000000,      0.213377
-312.000000,      0.237718
-320.000000,      0.229178
-336.000000,      0.236305
-321.000000,      0.231064
-315.000000,      0.234602
-307.000000,      0.224667
-327.000000,      0.227912
-323.000000,      0.236299
-302.000000,      0.233668
-321.000000,      0.243383
-317.000000,      0.219350
-311.000000,      0.249191
-310.000000,      0.208170
-321.000000,      0.220746
-317.000000,      0.195771
-306.000000,      0.218178
-315.000000,      0.221555
-314.000000,      0.230399
-319.000000,      0.227893
-320.000000,      0.228289
-317.000000,      0.250775
-320.000000,      0.216706
-327.000000,      0.252378
-315.000000,      0.215772
-312.000000,      0.218339
-319.000000,      0.245298
-309.000000,      0.220062
-330.000000,      0.230763
-316.000000,      0.219741
-330.000000,      0.224601
-330.000000,      0.227508
-320.000000,      0.228656
-305.000000,      0.216828
-318.000000,      0.199830
-312.000000,      0.230796
-321.000000,      0.217829
-328.000000,      0.224038
-310.000000,      0.225141
-332.000000,      0.233429
-321.000000,      0.220180
-326.000000,      0.215812
-315.000000,      0.224522
-328.000000,      0.209623
-306.000000,      0.205768
-331.000000,      0.206688
-317.000000,      0.226111
-310.000000,      0.224786
-317.000000,      0.231855
-323.000000,      0.232680
-315.000000,      0.232598
-331.000000,      0.223511
-312.000000,      0.213977
-318.000000,      0.236016
-300.000000,      0.210625
-314.000000,      0.225983
-312.000000,      0.211216
-313.000000,      0.228100
-313.000000,      0.221861
-319.000000,      0.217815
-323.000000,      0.226623
-314.000000,      0.245558
-313.000000,      0.248560
-331.000000,      0.193944
-315.000000,      0.217532
-316.000000,      0.234391
-313.000000,      0.213654
-317.000000,      0.207513
-319.000000,      0.233891
-326.000000,      0.224183
-303.000000,      0.230356
-314.000000,      0.231185
-317.000000,      0.253577
-314.000000,      0.221987
-330.000000,      0.222585
-313.000000,      0.237522
-297.000000,      0.213067
-315.000000,      0.226857
-321.000000,      0.208800
-325.000000,      0.230088
-304.000000,      0.244087
-323.000000,      0.231847
-299.000000,      0.227903
-299.000000,      0.201415
-316.000000,      0.210875
-305.000000,      0.242688
-310.000000,      0.228534
-317.000000,      0.240596
-319.000000,      0.230421
-308.000000,      0.246429
-317.000000,      0.211857
-319.000000,      0.214307
-321.000000,      0.219979
-313.000000,      0.222562
-309.000000,      0.237541
-309.000000,      0.240241
-305.000000,      0.214445
-321.000000,      0.229599
-303.000000,      0.226836
-296.000000,      0.223241
-318.000000,      0.217790
-307.000000,      0.197710
-308.000000,      0.205714
-304.000000,      0.219001
-300.000000,      0.228458
-313.000000,      0.239696
-305.000000,      0.227326
-310.000000,      0.221963
-318.000000,      0.231428
-325.000000,      0.226663
-315.000000,      0.247319
-311.000000,      0.214437
-327.000000,      0.216768
-302.000000,      0.222463
-307.000000,      0.260865
-313.000000,      0.239857
-323.000000,      0.258318
-301.000000,      0.223343
-301.000000,      0.202293
-304.000000,      0.234762
-326.000000,      0.234285
-300.000000,      0.218709
-304.000000,      0.223619
-307.000000,      0.229391
-316.000000,      0.216981
-310.000000,      0.202897
-319.000000,      0.218511
-301.000000,      0.203230
-298.000000,      0.236065
-314.000000,      0.231989
-311.000000,      0.190604
-310.000000,      0.206821
-311.000000,      0.207539
-305.000000,      0.249335
-313.000000,      0.211432
-323.000000,      0.227426
-306.000000,      0.233743
-312.000000,      0.235362
-320.000000,      0.225885
-305.000000,      0.226736
-323.000000,      0.203794
-297.000000,      0.214018
-313.000000,      0.244030
-311.000000,      0.222795
-308.000000,      0.229691
-316.000000,      0.201701
-323.000000,      0.232063
-310.000000,      0.217440
-314.000000,      0.246279
-310.000000,      0.209212
-304.000000,      0.211472
-324.000000,      0.233844
-313.000000,      0.222450
-312.000000,      0.234216
-295.000000,      0.233040
-310.000000,      0.236195
-312.000000,      0.216300
-303.000000,      0.237668
-318.000000,      0.205081
-313.000000,      0.234890
-313.000000,      0.208741
-302.000000,      0.204681
-301.000000,      0.210660
-299.000000,      0.208656
-308.000000,      0.232963
-317.000000,      0.225657
-324.000000,      0.207586
-307.000000,      0.240906
-316.000000,      0.215468
-309.000000,      0.235861
-313.000000,      0.241197
-316.000000,      0.241964
-305.000000,      0.222156
-322.000000,      0.220723
-304.000000,      0.228261
-331.000000,      0.237946
-308.000000,      0.225971
-306.000000,      0.200926
-315.000000,      0.236008
-310.000000,      0.227573
-304.000000,      0.226250
-304.000000,      0.217197
-303.000000,      0.215614
-298.000000,      0.215748
-312.000000,      0.213368
-302.000000,      0.223972
-310.000000,      0.199205
-255.000000,      0.212059
-251.000000,      0.232051
-301.000000,      0.259567
-310.000000,      0.222168
-253.000000,      0.209873
-309.000000,      0.247424
-311.000000,      0.223763
-298.000000,      0.237151
-293.000000,      0.218531
-324.000000,      0.253912
-273.000000,      0.227135
-308.000000,      0.222730
-294.000000,      0.231441
-314.000000,      0.229445
-284.000000,      0.223126
-312.000000,      0.209035
-310.000000,      0.215782
-297.000000,      0.218286
-308.000000,      0.231062
-300.000000,      0.233763
-317.000000,      0.210566
-318.000000,      0.254510
-312.000000,      0.235697
-300.000000,      0.234263
-304.000000,      0.223216
-323.000000,      0.226009
-292.000000,      0.213164
-315.000000,      0.258504
-308.000000,      0.242810
-312.000000,      0.230925
-313.000000,      0.226764
-309.000000,      0.224351
-303.000000,      0.218446
-298.000000,      0.219079
-305.000000,      0.221992
-303.000000,      0.228548
-313.000000,      0.188693
-286.000000,      0.231450
-274.000000,      0.241069
-302.000000,      0.236886
-310.000000,      0.197243
-310.000000,      0.216372
-261.000000,      0.226780
-315.000000,      0.211416
-278.000000,      0.251019
-303.000000,      0.202165
-296.000000,      0.221650
-307.000000,      0.232578
-312.000000,      0.221890
-308.000000,      0.256451
-309.000000,      0.220266
-296.000000,      0.223905
-298.000000,      0.233606
-312.000000,      0.216035
-301.000000,      0.275034
-313.000000,      0.212055
-312.000000,      0.203239
-299.000000,      0.211385
-308.000000,      0.211266
-305.000000,      0.242866
-316.000000,      0.247747
-307.000000,      0.225255
-296.000000,      0.241162
-296.000000,      0.242851
-300.000000,      0.228823
-298.000000,      0.214658
-304.000000,      0.212378
-298.000000,      0.213470
-286.000000,      0.213505
-300.000000,      0.234019
-293.000000,      0.219944
-314.000000,      0.219162
-294.000000,      0.230533
-312.000000,      0.230252
-311.000000,      0.224283
-309.000000,      0.216922
-298.000000,      0.206961
-293.000000,      0.234450
-292.000000,      0.195941
-313.000000,      0.227091
-301.000000,      0.231721
-316.000000,      0.206066
-314.000000,      0.234918
-289.000000,      0.233123
-257.000000,      0.245931
-268.000000,      0.229911
-300.000000,      0.226222
-314.000000,      0.243019
-300.000000,      0.238642
-300.000000,      0.216146
-304.000000,      0.253491
-317.000000,      0.235779
-259.000000,      0.218460
-304.000000,      0.226174
-301.000000,      0.215130
-307.000000,      0.220867
-305.000000,      0.217788
-253.000000,      0.232533
-295.000000,      0.236960
-298.000000,      0.212544
-302.000000,      0.194122
-237.000000,      0.189327
-307.000000,      0.229258
-292.000000,      0.211237
-292.000000,      0.230186
-308.000000,      0.226004
-262.000000,      0.228364
-262.000000,      0.247835
-301.000000,      0.238800
-287.000000,      0.229615
-306.000000,      0.212317
-266.000000,      0.214078
-296.000000,      0.249704
-285.000000,      0.218230
-264.000000,      0.237439
-305.000000,      0.246403
-290.000000,      0.225663
-300.000000,      0.211215
-190.000000,      0.179302
-307.000000,      0.217505
-300.000000,      0.218937
-292.000000,      0.191566
-302.000000,      0.228250
-255.000000,      0.228060
-231.000000,      0.217756
-311.000000,      0.213791
-304.000000,      0.233735
-300.000000,      0.223499
-314.000000,      0.208743
-304.000000,      0.240766
-292.000000,      0.244245
-306.000000,      0.234961
-307.000000,      0.248345
-312.000000,      0.236659
-302.000000,      0.214176
-253.000000,      0.213420
-296.000000,      0.240122
-297.000000,      0.220179
-295.000000,      0.225474
-242.000000,      0.211654
-307.000000,      0.249790
-299.000000,      0.225979
-285.000000,      0.243961
-304.000000,      0.224615
-316.000000,      0.243327
-313.000000,      0.245980
-322.000000,      0.221551
-291.000000,      0.223357
-233.000000,      0.225895
-297.000000,      0.215478
-302.000000,      0.246735
-287.000000,      0.221025
-298.000000,      0.221744
-309.000000,      0.227810
-245.000000,      0.210734
-299.000000,      0.200384
-301.000000,      0.211949
-284.000000,      0.221926
-314.000000,      0.235649
-312.000000,      0.200514
-294.000000,      0.214924
-298.000000,      0.218087
-257.000000,      0.251707
-296.000000,      0.247453
-243.000000,      0.226530
-307.000000,      0.211914
-290.000000,      0.207653
-251.000000,      0.215204
-271.000000,      0.229799
-315.000000,      0.237577
-306.000000,      0.244689
-295.000000,      0.201729
-302.000000,      0.217977
-290.000000,      0.212526
-309.000000,      0.235502
-310.000000,      0.216771
-306.000000,      0.223132
-301.000000,      0.241563
-305.000000,      0.215318
-299.000000,      0.241512
-300.000000,      0.231854
-301.000000,      0.206508
-232.000000,      0.222123
-289.000000,      0.234075
-304.000000,      0.213861
-264.000000,      0.237592
-294.000000,      0.220478
-315.000000,      0.220554
-296.000000,      0.225800
-303.000000,      0.233041
-314.000000,      0.212873
-238.000000,      0.219315
-233.000000,      0.228968
-298.000000,      0.221050
-283.000000,      0.198324
-281.000000,      0.235282
-310.000000,      0.253007
-243.000000,      0.206010
-293.000000,      0.256141
-291.000000,      0.214381
-246.000000,      0.266107
-223.000000,      0.211299
-289.000000,      0.214808
-275.000000,      0.211319
-226.000000,      0.218879
-296.000000,      0.205627
-249.000000,      0.220934
-249.000000,      0.197512
-234.000000,      0.214321
-290.000000,      0.202230
-275.000000,      0.240827
-306.000000,      0.220862
-291.000000,      0.216532
-303.000000,      0.205551
-287.000000,      0.248667
-281.000000,      0.183300
-282.000000,      0.223919
-294.000000,      0.214683
-291.000000,      0.229622
-229.000000,      0.214282
-238.000000,      0.199203
-267.000000,      0.205328
-262.000000,      0.214431
-224.000000,      0.209077
-244.000000,      0.250647
-289.000000,      0.224214
-260.000000,      0.223240
-236.000000,      0.213727
-286.000000,      0.192507
-237.000000,      0.222445
-282.000000,      0.227398
-247.000000,      0.220408
-297.000000,      0.208724
-288.000000,      0.232891
-302.000000,      0.187617
-222.000000,      0.221195
-292.000000,      0.210628
-249.000000,      0.240625
-266.000000,      0.223689
-279.000000,      0.212570
-279.000000,      0.247313
-218.000000,      0.252413
-261.000000,      0.205490
-233.000000,      0.218600
-297.000000,      0.234104
-261.000000,      0.220733
-252.000000,      0.208057
-273.000000,      0.211765
-234.000000,      0.212176
-292.000000,      0.213282
-292.000000,      0.248252
-250.000000,      0.205468
-228.000000,      0.248464
-263.000000,      0.209582
-287.000000,      0.206367
-302.000000,      0.218963
-279.000000,      0.219829
-278.000000,      0.226878
-285.000000,      0.227034
-300.000000,      0.218547
-313.000000,      0.196590
-290.000000,      0.196833
-229.000000,      0.218764
-286.000000,      0.238171
-254.000000,      0.209295
-297.000000,      0.210998
-238.000000,      0.202934
-298.000000,      0.190639
-257.000000,      0.228689
-287.000000,      0.199047
-288.000000,      0.225077
-280.000000,      0.204073
-302.000000,      0.211139
-296.000000,      0.207672
-215.000000,      0.222430
-225.000000,      0.231868
-251.000000,      0.196262
-297.000000,      0.207159
-245.000000,      0.211803
-257.000000,      0.200012
-298.000000,      0.206390
-249.000000,      0.203073
-301.000000,      0.191329
-286.000000,      0.204994
-294.000000,      0.180046
-295.000000,      0.258153
-248.000000,      0.226389
-281.000000,      0.191677
-302.000000,      0.241543
-289.000000,      0.216771
-243.000000,      0.198915
-250.000000,      0.227914
-243.000000,      0.198888
-295.000000,      0.222214
-293.000000,      0.232236
-310.000000,      0.204103
-286.000000,      0.216404
-230.000000,      0.213082
-282.000000,      0.221785
-220.000000,      0.186719
-293.000000,      0.200033
-272.000000,      0.191278
-243.000000,      0.191583
-234.000000,      0.218265
-243.000000,      0.211002
-239.000000,      0.199943
-291.000000,      0.229701
-287.000000,      0.207879
-249.000000,      0.211253
-254.000000,      0.195326
-275.000000,      0.204390
-280.000000,      0.228007
-237.000000,      0.225121
-279.000000,      0.216351
-281.000000,      0.219195
-215.000000,      0.211647
-236.000000,      0.214241
-292.000000,      0.204766
-215.000000,      0.229085
-219.000000,      0.198544
-239.000000,      0.257052
-284.000000,      0.254108
-236.000000,      0.190600
-287.000000,      0.203377
-290.000000,      0.198252
-281.000000,      0.230710
-229.000000,      0.238583
-306.000000,      0.222044
-247.000000,      0.200536
-272.000000,      0.208432
-231.000000,      0.209072
-236.000000,      0.196924
-233.000000,      0.224215
-240.000000,      0.197653
-238.000000,      0.211321
-228.000000,      0.204140
-239.000000,      0.230519
-255.000000,      0.204906
-269.000000,      0.210418
-228.000000,      0.216964
-209.000000,      0.207654
-261.000000,      0.245034
-301.000000,      0.219236
-288.000000,      0.189106
-260.000000,      0.224251
-228.000000,      0.223102
-232.000000,      0.209260
-231.000000,      0.222922
-245.000000,      0.199000
-247.000000,      0.252897
-243.000000,      0.220292
-288.000000,      0.220619
-292.000000,      0.215821
-296.000000,      0.213035
-221.000000,      0.216047
-281.000000,      0.242062
-284.000000,      0.206738
-285.000000,      0.223373
-294.000000,      0.226171
-233.000000,      0.252804
-228.000000,      0.185482
-243.000000,      0.218144
-291.000000,      0.203859
-293.000000,      0.211608
-272.000000,      0.211043
-300.000000,      0.221971
-246.000000,      0.213029
-282.000000,      0.190473
-228.000000,      0.240176
-236.000000,      0.207840
-281.000000,      0.201000
-234.000000,      0.225249
-288.000000,      0.229876
-280.000000,      0.182207
-222.000000,      0.195532
-252.000000,      0.211369
-288.000000,      0.220805
-213.000000,      0.192163
-246.000000,      0.220312
-238.000000,      0.203529
-239.000000,      0.247065
-243.000000,      0.200576
-290.000000,      0.208742
-255.000000,      0.216626
-303.000000,      0.201912
-213.000000,      0.219406
-285.000000,      0.202051
-304.000000,      0.195709
-244.000000,      0.198631
-235.000000,      0.222661
-231.000000,      0.211086
-287.000000,      0.217578
-268.000000,      0.220879
-237.000000,      0.184188
-290.000000,      0.200762
-226.000000,      0.196968
-236.000000,      0.222436
-210.000000,      0.210931
-221.000000,      0.203810
-241.000000,      0.218355
-269.000000,      0.205200
-277.000000,      0.213943
-237.000000,      0.191826
-222.000000,      0.223426
-281.000000,      0.167805
-237.000000,      0.189386
-228.000000,      0.172609
-238.000000,      0.196257
-223.000000,      0.207621
-232.000000,      0.220046
-277.000000,      0.220576
-254.000000,      0.239490
-215.000000,      0.212685
-235.000000,      0.200822
-228.000000,      0.190389
-224.000000,      0.235656
-260.000000,      0.182942
-232.000000,      0.199512
-236.000000,      0.232410
-220.000000,      0.211268
-212.000000,      0.213812
-245.000000,      0.197348
-294.000000,      0.205735
-230.000000,      0.233269
-232.000000,      0.247116
-236.000000,      0.227370
-236.000000,      0.211507
-215.000000,      0.191806
-267.000000,      0.193546
-246.000000,      0.247325
-285.000000,      0.214332
-248.000000,      0.228183
-231.000000,      0.188520
-224.000000,      0.178619
-244.000000,      0.211888
-227.000000,      0.194967
-270.000000,      0.196799
-231.000000,      0.205041
-279.000000,      0.163919
-253.000000,      0.190200
-219.000000,      0.195361
-251.000000,      0.173191
-217.000000,      0.204805
-288.000000,      0.197426
-274.000000,      0.215588
-226.000000,      0.208648
-279.000000,      0.194624
-238.000000,      0.176038
-276.000000,      0.206138
-238.000000,      0.164183
-247.000000,      0.196016
-243.000000,      0.171399
-211.000000,      0.229178
-240.000000,      0.207316
-213.000000,      0.202449
-237.000000,      0.218889
-261.000000,      0.220292
-232.000000,      0.179434
-231.000000,      0.197933
-286.000000,      0.205228
-271.000000,      0.190193
-238.000000,      0.232670
-240.000000,      0.234383
-211.000000,      0.209304
-287.000000,      0.178054
-232.000000,      0.202401
-222.000000,      0.206487
-235.000000,      0.232152
-239.000000,      0.188389
-227.000000,      0.235113
-285.000000,      0.218788
-250.000000,      0.239097
-199.000000,      0.205900
-258.000000,      0.197126
-220.000000,      0.217204
-222.000000,      0.208593
-276.000000,      0.176781
-277.000000,      0.196948
-235.000000,      0.222524
-247.000000,      0.194770
-237.000000,      0.214025
-218.000000,      0.177746
-282.000000,      0.204861
-282.000000,      0.224317
-225.000000,      0.241045
-213.000000,      0.241506
-265.000000,      0.196264
-282.000000,      0.221420
-231.000000,      0.174322
-286.000000,      0.223902
-276.000000,      0.165700
-279.000000,      0.211227
-224.000000,      0.176570
-243.000000,      0.176810
-283.000000,      0.212226
-270.000000,      0.178905
-205.000000,      0.202536
-227.000000,      0.195324
-238.000000,      0.235075
-244.000000,      0.195610
-233.000000,      0.208372
-240.000000,      0.207640
-263.000000,      0.210734
-195.000000,      0.219515
-213.000000,      0.204290
-205.000000,      0.193869
-255.000000,      0.209053
-200.000000,      0.203201
-258.000000,      0.164893
-216.000000,      0.211306
-217.000000,      0.217151
-205.000000,      0.175134
-218.000000,      0.186392
-229.000000,      0.171418
-214.000000,      0.236557
-281.000000,      0.225613
-251.000000,      0.175907
-253.000000,      0.218967
-221.000000,      0.213244
-226.000000,      0.193774
-235.000000,      0.197144
-197.000000,      0.164062
-234.000000,      0.185339
-227.000000,      0.193890
-282.000000,      0.220719
-204.000000,      0.199925
-225.000000,      0.154034
-291.000000,      0.199683
-264.000000,      0.192024
-226.000000,      0.154024
-220.000000,      0.244222
-225.000000,      0.172177
-259.000000,      0.198309
-280.000000,      0.218126
-286.000000,      0.183490
-230.000000,      0.181766
-224.000000,      0.201842
-212.000000,      0.197864
-210.000000,      0.203466
-233.000000,      0.204203
-248.000000,      0.217389
-215.000000,      0.183620
-217.000000,      0.184864
-230.000000,      0.216131
-234.000000,      0.203604
-209.000000,      0.189845
-210.000000,      0.228530
-262.000000,      0.214409
-212.000000,      0.233813
-231.000000,      0.214326
-287.000000,      0.202639
-181.000000,      0.208361
-213.000000,      0.170332
-224.000000,      0.218037
-232.000000,      0.198453
-227.000000,      0.204215
-209.000000,      0.216476
-235.000000,      0.158457
-224.000000,      0.204837
-235.000000,      0.158153
-212.000000,      0.164046
-239.000000,      0.165656
-221.000000,      0.235769
-234.000000,      0.209305
-216.000000,      0.203036
-229.000000,      0.186784
-240.000000,      0.215296
-210.000000,      0.212941
-239.000000,      0.201335
-222.000000,      0.182987
-230.000000,      0.209352
-280.000000,      0.221351
-231.000000,      0.195155
-268.000000,      0.200223
-217.000000,      0.223105
-207.000000,      0.223122
-219.000000,      0.163954
-287.000000,      0.199357
-270.000000,      0.212311
-252.000000,      0.252160
-185.000000,      0.218847
-224.000000,      0.185961
-221.000000,      0.185662
-210.000000,      0.226608
-232.000000,      0.203960
-263.000000,      0.201184
-233.000000,      0.175073
-269.000000,      0.185447
-241.000000,      0.193218
-269.000000,      0.196812
-216.000000,      0.182094
-216.000000,      0.169544
-194.000000,      0.178883
-243.000000,      0.170688
-286.000000,      0.211365
-230.000000,      0.183937
-226.000000,      0.147766
-230.000000,      0.206043
-242.000000,      0.175465
-225.000000,      0.170317
-216.000000,      0.203774
-224.000000,      0.167951
-209.000000,      0.229833
-229.000000,      0.171740
-217.000000,      0.181595
-244.000000,      0.177103
-208.000000,      0.192575
-213.000000,      0.191949
-234.000000,      0.181081
-211.000000,      0.173447
-220.000000,      0.216007
-213.000000,      0.199131
-224.000000,      0.223254
-231.000000,      0.199530
-211.000000,      0.208553
-247.000000,      0.180875
-278.000000,      0.185201
-212.000000,      0.179660
-214.000000,      0.218262
-220.000000,      0.188181
-196.000000,      0.190903
-223.000000,      0.194526
-212.000000,      0.170768
-232.000000,      0.242853
-220.000000,      0.216560
-228.000000,      0.183329
-204.000000,      0.195187
-222.000000,      0.194918
-230.000000,      0.212794
-273.000000,      0.170622
-257.000000,      0.153272
-207.000000,      0.184567
-212.000000,      0.188341
-222.000000,      0.235336
-228.000000,      0.196982
-221.000000,      0.190833
-230.000000,      0.183560
-220.000000,      0.230838
-204.000000,      0.161420
-224.000000,      0.226340
-211.000000,      0.198920
-208.000000,      0.196191
-218.000000,      0.198732
-225.000000,      0.160297
-218.000000,      0.182476
-212.000000,      0.190304
-224.000000,      0.182088
-217.000000,      0.197079
-276.000000,      0.141278
-219.000000,      0.158544
-209.000000,      0.173827
-231.000000,      0.159228
-220.000000,      0.171921
-224.000000,      0.188727
-240.000000,      0.183478
-213.000000,      0.174623
-232.000000,      0.161785
-220.000000,      0.205925
-214.000000,      0.175453
-190.000000,      0.170402
-213.000000,      0.172060
-237.000000,      0.203239
-226.000000,      0.213682
-218.000000,      0.172836
-269.000000,      0.197400
-218.000000,      0.189951
-230.000000,      0.211854
-224.000000,      0.183345
-259.000000,      0.188806
-197.000000,      0.186200
-235.000000,      0.202418
-207.000000,      0.163591
-200.000000,      0.187076
-202.000000,      0.221754
-213.000000,      0.217649
-203.000000,      0.175978
-266.000000,      0.174561
-210.000000,      0.174078
-285.000000,      0.194920
-268.000000,      0.182257
-224.000000,      0.192093
-218.000000,      0.204633
-214.000000,      0.190208
-208.000000,      0.178932
-221.000000,      0.194063
-221.000000,      0.175696
-238.000000,      0.203008
-228.000000,      0.202358
-219.000000,      0.167420
-219.000000,      0.211870
-277.000000,      0.155150
-213.000000,      0.191672
-213.000000,      0.171611
-220.000000,      0.194964
-219.000000,      0.228074
-218.000000,      0.160952
-213.000000,      0.170142
-206.000000,      0.172107
-219.000000,      0.187212
-207.000000,      0.193410
-216.000000,      0.175523
-224.000000,      0.175970
-206.000000,      0.211425
-234.000000,      0.176313
-198.000000,      0.189107
-209.000000,      0.191780
-211.000000,      0.208453
-247.000000,      0.197553
-218.000000,      0.202751
-211.000000,      0.161241
-207.000000,      0.194287
-211.000000,      0.173974
-229.000000,      0.195066
-214.000000,      0.192326
-234.000000,      0.210186
-194.000000,      0.187748
-221.000000,      0.172999
-207.000000,      0.197068
-243.000000,      0.173665
-196.000000,      0.146835
-211.000000,      0.156357
-201.000000,      0.206590
-210.000000,      0.180535
-256.000000,      0.217891
-211.000000,      0.179607
-209.000000,      0.201388
-206.000000,      0.184053
-213.000000,      0.147953
-214.000000,      0.192392
-211.000000,      0.237224
-218.000000,      0.186586
-218.000000,      0.179873
-200.000000,      0.198992
-219.000000,      0.198091
-280.000000,      0.151436
-225.000000,      0.204828
-232.000000,      0.168524
-220.000000,      0.160108
-204.000000,      0.154819
-216.000000,      0.189187
-239.000000,      0.182615
-224.000000,      0.203659
-205.000000,      0.178521
-218.000000,      0.250021
-204.000000,      0.192479
-198.000000,      0.172763
-213.000000,      0.176442
-209.000000,      0.198112
-212.000000,      0.199362
-214.000000,      0.181778
-228.000000,      0.160883
-223.000000,      0.188004
-227.000000,      0.187583
-219.000000,      0.169412
-236.000000,      0.145036
-212.000000,      0.175566
-220.000000,      0.206304
-227.000000,      0.200485
-224.000000,      0.185895
-215.000000,      0.142411
-213.000000,      0.169623
-229.000000,      0.162441
-206.000000,      0.210934
-211.000000,      0.151488
-207.000000,      0.167947
-224.000000,      0.192562
-221.000000,      0.168093
-202.000000,      0.199157
-221.000000,      0.178662
-237.000000,      0.156905
-208.000000,      0.211478
-225.000000,      0.158754
-213.000000,      0.165183
-217.000000,      0.170795
-232.000000,      0.165400
-200.000000,      0.205986
-203.000000,      0.176679
-224.000000,      0.222675
-205.000000,      0.148486
-212.000000,      0.206182
-221.000000,      0.183380
-218.000000,      0.189440
-193.000000,      0.140272
-219.000000,      0.167443
-225.000000,      0.150999
-196.000000,      0.193177
-205.000000,      0.191655
-223.000000,      0.218198
-228.000000,      0.172345
-248.000000,      0.146130
-213.000000,      0.158873
-214.000000,      0.174525
-232.000000,      0.176109
-208.000000,      0.157597
-197.000000,      0.190120
-209.000000,      0.185405
-210.000000,      0.173066
-200.000000,      0.152407
-223.000000,      0.160592
-203.000000,      0.154418
-237.000000,      0.198788
-215.000000,      0.131398
-205.000000,      0.185689
-217.000000,      0.173002
-227.000000,      0.179293
-208.000000,      0.162571
-230.000000,      0.160960
-205.000000,      0.162296
-216.000000,      0.161079
-191.000000,      0.185562
-208.000000,      0.190412
-207.000000,      0.174876
-198.000000,      0.165980
-196.000000,      0.172481
-208.000000,      0.188956
-189.000000,      0.160815
-201.000000,      0.191481
-198.000000,      0.160155
-207.000000,      0.141751
-189.000000,      0.188225
-210.000000,      0.157098
-197.000000,      0.116603
-216.000000,      0.165974
-201.000000,      0.154157
-202.000000,      0.179538
-221.000000,      0.175620
-214.000000,      0.181509
-200.000000,      0.204653
-257.000000,      0.189442
-227.000000,      0.167869
-204.000000,      0.202797
-221.000000,      0.159397
-200.000000,      0.141381
-198.000000,      0.211668
-212.000000,      0.207129
-204.000000,      0.199707
-227.000000,      0.202894
-226.000000,      0.144692
-194.000000,      0.179980
-231.000000,      0.173823
-202.000000,      0.181145
-208.000000,      0.153512
-215.000000,      0.207363
-213.000000,      0.178640
-220.000000,      0.187669
-214.000000,      0.236482
-203.000000,      0.193091
-198.000000,      0.147366
-223.000000,      0.126087
-208.000000,      0.168622
-197.000000,      0.178888
-210.000000,      0.151796
-208.000000,      0.144887
-232.000000,      0.208347
-209.000000,      0.140772
-227.000000,      0.166106
-239.000000,      0.158804
-204.000000,      0.178206
-212.000000,      0.161360
-213.000000,      0.168671
-252.000000,      0.148809
-230.000000,      0.149935
-200.000000,      0.149556
-274.000000,      0.135930
-232.000000,      0.155426
-208.000000,      0.133791
-226.000000,      0.166018
-242.000000,      0.143613
-220.000000,      0.144758
-211.000000,      0.148228
-235.000000,      0.129201
-215.000000,      0.176235
-219.000000,      0.163676
-226.000000,      0.179537
-194.000000,      0.244515
-231.000000,      0.187280
-231.000000,      0.161035
-216.000000,      0.145499
-209.000000,      0.140292
-228.000000,      0.168445
-263.000000,      0.172868
-231.000000,      0.183578
-207.000000,      0.154643
-230.000000,      0.161129
-221.000000,      0.184279
-228.000000,      0.174786
-213.000000,      0.207401
-193.000000,      0.154547
-227.000000,      0.135519
-215.000000,      0.120353
-210.000000,      0.193180
-208.000000,      0.132053
-219.000000,      0.154413
-212.000000,      0.164785
-193.000000,      0.134156
-198.000000,      0.145522
-220.000000,      0.149491
-204.000000,      0.192135
-196.000000,      0.175528
-227.000000,      0.183099
-203.000000,      0.144852
-205.000000,      0.128101
-190.000000,      0.174055
-209.000000,      0.155879
-218.000000,      0.156391
-244.000000,      0.155508
-208.000000,      0.212232
-198.000000,      0.153373
-197.000000,      0.171069
-218.000000,      0.164974
-213.000000,      0.164384
-194.000000,      0.169760
-230.000000,      0.196650
-221.000000,      0.164402
-198.000000,      0.198593
-225.000000,      0.131962
-218.000000,      0.161240
-214.000000,      0.167842
-211.000000,      0.160655
-195.000000,      0.185474
-213.000000,      0.210250
-223.000000,      0.171104
-257.000000,      0.160512
-200.000000,      0.176803
-209.000000,      0.198637
-205.000000,      0.155606
-214.000000,      0.160227
-208.000000,      0.184144
-223.000000,      0.138623
-203.000000,      0.152343
-198.000000,      0.161099
-254.000000,      0.150560
-201.000000,      0.167403
-207.000000,      0.156477
-196.000000,      0.171748
-195.000000,      0.173032
-194.000000,      0.163677
-200.000000,      0.186144
-219.000000,      0.164605
-208.000000,      0.138390
-209.000000,      0.162814
-204.000000,      0.143709
-224.000000,      0.185893
-198.000000,      0.171918
-196.000000,      0.169653
-205.000000,      0.188707
-210.000000,      0.190762
-204.000000,      0.153868
-217.000000,      0.156363
-256.000000,      0.161487
-204.000000,      0.154257
-200.000000,      0.180856
-226.000000,      0.213281
-196.000000,      0.200520
-194.000000,      0.162320
-212.000000,      0.162087
-203.000000,      0.124632
-208.000000,      0.187227
-211.000000,      0.156785
-201.000000,      0.156542
-216.000000,      0.135634
-181.000000,      0.137809
-204.000000,      0.185261
-275.000000,      0.144035
-213.000000,      0.177228
-222.000000,      0.165919
-204.000000,      0.164167
-208.000000,      0.151170
-262.000000,      0.175796
-222.000000,      0.173611
-218.000000,      0.140207
-202.000000,      0.147659
-190.000000,      0.121728
-203.000000,      0.176271
-200.000000,      0.168006
-218.000000,      0.138450
-208.000000,      0.198820
-189.000000,      0.156827
-227.000000,      0.186787
-250.000000,      0.172935
-257.000000,      0.103818
-237.000000,      0.186204
-190.000000,      0.151822
-206.000000,      0.141184
-200.000000,      0.164785
-208.000000,      0.118205
-196.000000,      0.163053
-210.000000,      0.171441
-206.000000,      0.137082
-201.000000,      0.147707
-219.000000,      0.142286
-180.000000,      0.170290
-202.000000,      0.150086
-208.000000,      0.107755
-201.000000,      0.152600
-211.000000,      0.193430
-198.000000,      0.163302
-211.000000,      0.129031
-245.000000,      0.153522
-215.000000,      0.154971
-207.000000,      0.127238
-209.000000,      0.188763
-209.000000,      0.185753
-207.000000,      0.169367
-208.000000,      0.170714
-211.000000,      0.133320
-195.000000,      0.156712
-201.000000,      0.142236
-211.000000,      0.114904
-188.000000,      0.166536
-218.000000,      0.130300
-221.000000,      0.156852
-222.000000,      0.165479
-194.000000,      0.192309
-205.000000,      0.146816
-204.000000,      0.153699
-209.000000,      0.194022
-194.000000,      0.187074
-201.000000,      0.170693
-199.000000,      0.138469
-192.000000,      0.119514
-185.000000,      0.179934
-221.000000,      0.127158
-190.000000,      0.146861
-215.000000,      0.158844
-206.000000,      0.211730
-197.000000,      0.142771
-207.000000,      0.178413
-190.000000,      0.122065
-207.000000,      0.142980
-187.000000,      0.153671
-256.000000,      0.146783
-184.000000,      0.136125
-208.000000,      0.172515
-198.000000,      0.165323
-217.000000,      0.145086
-195.000000,      0.185951
-213.000000,      0.125314
-200.000000,      0.142110
-198.000000,      0.124871
-201.000000,      0.130170
-195.000000,      0.164810
-209.000000,      0.181030
-193.000000,      0.140754
-212.000000,      0.142976
-199.000000,      0.153533
-204.000000,      0.155618
-197.000000,      0.119117
-206.000000,      0.201337
-204.000000,      0.148366
-197.000000,      0.158789
-204.000000,      0.131458
-201.000000,      0.194144
-210.000000,      0.165681
-205.000000,      0.115760
-212.000000,      0.127704
-210.000000,      0.143673
-224.000000,      0.195986
-207.000000,      0.155414
-199.000000,      0.152632
-215.000000,      0.163740
-250.000000,      0.141484
-220.000000,      0.162336
-242.000000,      0.166827
-206.000000,      0.167816
-204.000000,      0.129024
-202.000000,      0.139795
-203.000000,      0.137759
-191.000000,      0.143040
-191.000000,      0.131883
-204.000000,      0.162553
-209.000000,      0.175679
-193.000000,      0.117504
-211.000000,      0.137780
-200.000000,      0.138020
-203.000000,      0.160565
-197.000000,      0.160692
-215.000000,      0.151466
-234.000000,      0.134020
-194.000000,      0.129822
-184.000000,      0.121167
-205.000000,      0.147611
-203.000000,      0.149418
-205.000000,      0.124229
-224.000000,      0.126651
-230.000000,      0.154541
-210.000000,      0.145562
-206.000000,      0.131644
-252.000000,      0.175606
-192.000000,      0.144919
-200.000000,      0.139303
-258.000000,      0.114086
-191.000000,      0.136717
-197.000000,      0.115573
-188.000000,      0.147146
-202.000000,      0.119403
-190.000000,      0.189646
-204.000000,      0.138396
-205.000000,      0.120062
-190.000000,      0.123485
-208.000000,      0.123214
-204.000000,      0.115608
-235.000000,      0.171514
-190.000000,      0.157308
-184.000000,      0.163740
-195.000000,      0.150549
-182.000000,      0.168447
-194.000000,      0.121162
-213.000000,      0.125960
-207.000000,      0.178540
-181.000000,      0.170015
-195.000000,      0.148770
-199.000000,      0.164494
-191.000000,      0.134208
-205.000000,      0.114749
-193.000000,      0.120211
-203.000000,      0.158562
-209.000000,      0.135072
-225.000000,      0.154221
-194.000000,      0.109220
-208.000000,      0.109765
-195.000000,      0.121028
-188.000000,      0.142802
-195.000000,      0.122158
-201.000000,      0.099051
-186.000000,      0.155965
-205.000000,      0.174969
-191.000000,      0.148203
-189.000000,      0.135711
-200.000000,      0.139215
-203.000000,      0.117595
-213.000000,      0.163556
-189.000000,      0.131664
-187.000000,      0.106869
-209.000000,      0.100131
-213.000000,      0.135689
-200.000000,      0.142909
-184.000000,      0.157311
-200.000000,      0.149376
-194.000000,      0.115109
-206.000000,      0.133913
-230.000000,      0.130675
-201.000000,      0.150742
-206.000000,      0.145131
-203.000000,      0.128156
-193.000000,      0.123849
-206.000000,      0.138781
-193.000000,      0.143476
-203.000000,      0.131335
-189.000000,      0.125725
-200.000000,      0.111685
-208.000000,      0.136378
-203.000000,      0.154510
-208.000000,      0.145604
-205.000000,      0.188271
-195.000000,      0.129684
-191.000000,      0.127813
-219.000000,      0.125264
-250.000000,      0.113217
-204.000000,      0.105790
-203.000000,      0.116505
-199.000000,      0.152573
-214.000000,      0.139440
-198.000000,      0.129669
-195.000000,      0.108783
-189.000000,      0.156012
-256.000000,      0.146019
-220.000000,      0.137775
-211.000000,      0.155079
-209.000000,      0.145354
-207.000000,      0.123924
-196.000000,      0.118273
-196.000000,      0.122323
-201.000000,      0.191301
-252.000000,      0.120753
-205.000000,      0.132282
-196.000000,      0.148874
-203.000000,      0.141610
-204.000000,      0.149471
-203.000000,      0.139725
-215.000000,      0.128795
-200.000000,      0.158980
-184.000000,      0.140343
-204.000000,      0.142531
-224.000000,      0.150046
-212.000000,      0.168726
-199.000000,      0.149414
-193.000000,      0.111303
-203.000000,      0.138458
-198.000000,      0.133659
-202.000000,      0.153171
-194.000000,      0.101879
-212.000000,      0.117315
-205.000000,      0.136120
-208.000000,      0.107901
-188.000000,      0.116686
-192.000000,      0.133068
-184.000000,      0.098057
-195.000000,      0.107801
-191.000000,      0.164129
-196.000000,      0.151229
-203.000000,      0.101093
-202.000000,      0.140603
-195.000000,      0.153071
-194.000000,      0.103581
-243.000000,      0.134313
-207.000000,      0.125982
-200.000000,      0.166975
-209.000000,      0.127249
-198.000000,      0.126269
-209.000000,      0.119757
-188.000000,      0.164673
-195.000000,      0.139721
-205.000000,      0.124114
-203.000000,      0.150419
-223.000000,      0.108838
-218.000000,      0.144051
-199.000000,      0.107032
-209.000000,      0.098246
-183.000000,      0.131437
-186.000000,      0.165196
-192.000000,      0.149299
-203.000000,      0.134601
-185.000000,      0.164780
-187.000000,      0.087175
-203.000000,      0.136720
-246.000000,      0.114336
-199.000000,      0.123766
-198.000000,      0.154435
-187.000000,      0.114904
-218.000000,      0.131810
-212.000000,      0.133469
-197.000000,      0.156402
-194.000000,      0.119752
-196.000000,      0.123015
-206.000000,      0.107388
-244.000000,      0.108332
-188.000000,      0.119952
-205.000000,      0.125546
-210.000000,      0.129137
-189.000000,      0.130069
-196.000000,      0.147424
-186.000000,      0.174943
-201.000000,      0.114731
-191.000000,      0.131118
-216.000000,      0.131238
-203.000000,      0.128171
-207.000000,      0.159963
-196.000000,      0.121118
-199.000000,      0.120584
-196.000000,      0.113825
-199.000000,      0.138258
-193.000000,      0.117291
-205.000000,      0.136495
-190.000000,      0.091452
-211.000000,      0.124475
-185.000000,      0.125555
-196.000000,      0.091927
-201.000000,      0.095764
-191.000000,      0.130079
-192.000000,      0.110420
-205.000000,      0.116756
-204.000000,      0.139341
-194.000000,      0.084171
-197.000000,      0.104698
-204.000000,      0.122964
-219.000000,      0.112612
-214.000000,      0.107842
-199.000000,      0.141824
-188.000000,      0.112447
-198.000000,      0.115144
-209.000000,      0.146233
-195.000000,      0.109649
-186.000000,      0.105851
-183.000000,      0.178366
-223.000000,      0.135253
-211.000000,      0.143302
-196.000000,      0.092425
-198.000000,      0.114122
-202.000000,      0.142424
-193.000000,      0.136307
-206.000000,      0.120990
-199.000000,      0.166864
-189.000000,      0.147000
-194.000000,      0.119810
-192.000000,      0.120251
-192.000000,      0.119101
-239.000000,      0.136770
-201.000000,      0.174221
-253.000000,      0.075221
-196.000000,      0.133908
-206.000000,      0.116487
-223.000000,      0.096367
-196.000000,      0.112462
-178.000000,      0.132645
-238.000000,      0.108331
-184.000000,      0.139055
-179.000000,      0.093705
-197.000000,      0.144201
-214.000000,      0.117291
-184.000000,      0.137392
-190.000000,      0.119527
-193.000000,      0.100791
-186.000000,      0.125217
-196.000000,      0.131554
-197.000000,      0.102859
-189.000000,      0.135404
-190.000000,      0.112274
-203.000000,      0.117929
-203.000000,      0.115911
-191.000000,      0.162798
-191.000000,      0.136029
-199.000000,      0.113439
-196.000000,      0.133536
-192.000000,      0.142775
-185.000000,      0.131693
-211.000000,      0.126543
-188.000000,      0.125689
-187.000000,      0.152709
-180.000000,      0.113829
-195.000000,      0.092608
-195.000000,      0.126067
-191.000000,      0.149614
-193.000000,      0.091684
-194.000000,      0.134674
-180.000000,      0.118229
-190.000000,      0.123859
-202.000000,      0.155410
-190.000000,      0.140475
-187.000000,      0.110074
-236.000000,      0.109741
-201.000000,      0.129883
-187.000000,      0.160789
-201.000000,      0.109478
-238.000000,      0.176267
-209.000000,      0.117925
-195.000000,      0.097128
-194.000000,      0.109981
-221.000000,      0.141795
-201.000000,      0.132174
-191.000000,      0.114349
-188.000000,      0.151580
-210.000000,      0.109482
-196.000000,      0.121303
-247.000000,      0.130041
-197.000000,      0.151127
-202.000000,      0.123863
-197.000000,      0.131149
-198.000000,      0.134730
-197.000000,      0.115049
-196.000000,      0.152153
-207.000000,      0.099500
-191.000000,      0.105981
-202.000000,      0.131992
-235.000000,      0.119451
-187.000000,      0.122011
-204.000000,      0.144585
-201.000000,      0.117517
-187.000000,      0.150428
-203.000000,      0.133883
-183.000000,      0.118304
-207.000000,      0.134512
-199.000000,      0.145387
-201.000000,      0.110242
-197.000000,      0.137893
-202.000000,      0.131105
-201.000000,      0.105175
-196.000000,      0.108177
-186.000000,      0.095408
-210.000000,      0.095694
-191.000000,      0.085113
-190.000000,      0.102850
-195.000000,      0.120941
-201.000000,      0.129114
-210.000000,      0.100068
-208.000000,      0.106168
-202.000000,      0.143879
-193.000000,      0.106375
-210.000000,      0.125140
-209.000000,      0.124955
-210.000000,      0.089281
-197.000000,      0.093646
-185.000000,      0.088316
-207.000000,      0.086210
-216.000000,      0.108063
-191.000000,      0.118783
-193.000000,      0.082625
-193.000000,      0.130293
-194.000000,      0.102110
-191.000000,      0.136248
-199.000000,      0.133710
-197.000000,      0.110919
-206.000000,      0.093831
-192.000000,      0.164807
